# Position (bp)	A	C	G	T	N
0.0	36.79263882450384	23.225881035591968	9.608024994846302	30.370883643014974	0.002571502042915512
1.0	36.10746432623603	25.008913059704092	7.214274123214598	31.60479605696439	0.06455243388089126
2.0	38.402651372709904	23.68335942035964	7.280661542345136	30.630609736642324	0.002717927942991955
3.0	33.74524492857734	25.618156131579084	8.304623894107422	32.32731190180975	0.004663143926404478
4.0	47.454370371645936	12.630154116276094	6.921067500749542	32.98879885737344	0.00560915395498824
5.0	48.533086138627816	12.327925025990599	6.5381292221181635	32.59740845899683	0.003451154266595717
6.0	46.7643128163958	12.344054359875049	7.087735273379623	33.79611613800427	0.0077814123452608665
7.0	46.66365351047321	12.327140797387191	6.977576929946832	34.02802898837965	0.0035997738131152528
8.0	45.21018450815074	12.398405240972336	7.659286015246172	34.71368279839528	0.01844143723547023
9.0	43.88307721871297	12.729131443788441	7.849979152132616	35.53470543359094	0.00310675177503015
10.0	43.07121415424044	12.855309987195138	8.093509554070616	35.97156025132388	0.008406053169931534
11.0	42.77095166799117	12.569078063595896	8.190219199572415	36.43295264975764	0.036798419082881395
12.0	42.513748816184986	12.441946929221285	8.51162624388665	36.53022661080692	0.002451399900156182
13.0	41.97850785865612	12.575576192771946	8.787171818838367	36.65635250669899	0.0023916230345819036
14.0	41.9257078855941	12.31663487615961	8.98216230910683	36.77316747026334	0.0023274588761214403
15.0	41.5686080200043	12.341010675435255	9.310482081774863	36.77727068593514	0.0026285368504359243
16.0	41.738624942341374	12.219033513378694	9.471341078623635	36.56631374003063	0.004686725625667725
17.0	41.6239268475946	11.875007232178117	9.507953037758853	36.990687257913976	0.002425624554449842
18.0	41.25570300089188	11.971652713521456	9.93116392302736	36.839261489182114	0.002218873377188347
19.0	40.851562580976406	12.10763740494039	10.025093121662538	37.013480889692545	0.002226002728128399
20.0	41.05126886169384	11.724183828418647	10.13286741455745	37.08933702959889	0.0023428657311711292
21.0	41.085919065544246	11.787715273269237	10.23228277012359	36.89172076888059	0.0023621221823411564
22.0	41.038834030044775	11.859069973703354	10.270490119418884	36.82932428635908	0.0022815904739034534
23.0	40.964827483752856	11.514393336533404	10.384630141090955	37.13299193339319	0.003157105229591784
24.0	40.76756744813621	11.552714634230066	10.535252907081698	37.137138291301994	0.007326719250024797
25.0	40.69303330905929	11.67983975862899	10.596823907328275	37.02819153115318	0.0021114938302633033
26.0	40.74457505029749	11.41797078484717	10.640831541316803	37.193986417608684	0.0026362059298514436
27.0	40.68859246921426	11.365758358770787	10.792350329452864	37.14581614100757	0.00748270155452535
28.0	40.52789296449982	11.448693478075606	10.811699629068606	37.20964004875214	0.0020738796038309334
29.0	40.43616514170845	11.223939514568857	10.814628544075264	37.52245534458951	0.0028114550579166056
30.0	40.243337039070134	11.37642568316193	10.903847335751735	37.474034028526745	0.0023559134894511353
31.0	40.3460545993964	11.264568670506481	10.901205266950665	37.485874145328985	0.0022973178174659123
32.0	40.198282972362875	11.141265320670467	10.888345680063676	37.770049054989244	0.002056971913735191
33.0	39.997989497291705	11.192975022777004	10.916325606833317	37.89010234265668	0.002607530441282699
34.0	39.88975407421773	11.225189197621882	10.90564716279568	37.969625169197684	0.009784396167033194
35.0	39.91346651944209	11.071047347838245	10.875194000988655	38.137106598395114	0.003185533335896507
36.0	39.85963177384209	11.093288715945851	10.968023131833437	38.06888056993558	0.010175808443035504
37.0	39.72320633538044	11.114737151333237	10.96971777118804	38.16443524380369	0.02790349829459363
38.0	39.67257852196525	10.994290722368545	10.97329722234342	38.35779403865473	0.0020394946680564654
39.0	39.600809923346496	10.946327283061025	10.986700735062028	38.4547984649053	0.011363593625145475
40.0	39.61331579223388	10.995127270846773	10.95748603645184	38.43235061017939	0.0017202902881202557
41.0	39.59237904197781	10.807928469430795	10.902734150318102	38.69506449505239	0.0018938432209023586
42.0	39.42021060535541	10.90056553394686	10.951347585471744	38.72571427477988	0.002162000446099784
43.0	39.436688054702934	10.951803823420098	10.924459468071943	38.68493220559074	0.002116448214279463
44.0	39.41713386280419	10.75860081149083	10.883359599762588	38.939077890909985	0.0018278350324042636
45.0	39.242288897396925	10.83995585550635	10.947103139801326	38.96865622213321	0.001995885162180149
46.0	39.25857172474277	10.916925356091026	10.924008475065953	38.89866829253257	0.0018261515676828849
47.0	39.316051076820756	10.691821130748014	10.904819357847014	39.08540290948672	0.0019055250974983394
48.0	39.13680708248282	10.776949477792424	10.973380246267372	39.11102931549248	0.0018338779649085624
49.0	38.998500933853364	10.858292084457817	10.952190737676466	39.18871139427457	0.002304849737786395
50.0	39.05627593327386	10.692692689418308	10.928266940052987	39.320819315263975	0.0019451219908695398
51.0	39.00116634503055	10.699124053165288	10.977383801138537	39.31953794436549	0.0027878563001315793
52.0	39.076919828734816	10.696344441404637	10.935830757128636	39.28428998999037	0.006614982741535678
53.0	39.01385594258535	10.57905959194317	10.937035905763622	39.467980450496675	0.0020681092111821736
54.0	38.91967125416089	10.615308987876306	11.002999463888925	39.459365021539256	0.0026552725346216857
55.0	38.85470846251397	10.634436900939106	10.992732369887616	39.51602020747244	0.0021020591868759477
56.0	38.884412931742176	10.48995163745233	10.988481335256765	39.6351476131143	0.0020064824344263998
57.0	38.634341998033825	10.63217702303897	11.046373089015317	39.68512687694495	0.001981012966939225
58.0	38.60068590707891	10.663798165555054	11.047534881442196	39.685574763519476	0.0024062824043613626
59.0	38.63533874908198	10.482579732757362	11.03322866927591	39.846341415796225	0.0025114330885238866
60.0	38.56561201602185	10.542544680420619	11.10584606885913	39.767165852160886	0.018831382537512383
61.0	38.48502416018733	10.550925541206562	11.085011193083307	39.8763239653726	0.0027151401501996457
62.0	38.53273289088819	10.389989096815091	11.071847083786873	40.00337653053474	0.0020543979751085784
63.0	38.51453924508517	10.419128021048376	11.122567044467962	39.94151442854753	0.0022512608509686325
64.0	38.46165053156226	10.444295222737608	11.12680208849582	39.96440033276877	0.0028518244355367544
65.0	38.450676419739985	10.313904043378063	11.11959418108584	40.11356188896724	0.00226346682886914
66.0	38.39448291597935	10.381719918277781	11.17807276830823	40.04270765480901	0.0030167426256318395
67.0	38.38979995911596	10.369760756084709	11.187212888769103	40.04884591921905	0.004380476811173888
68.0	38.31453951287542	10.289357157037646	11.206240365702902	40.1776859295906	0.012177034793437196
69.0	38.20531151626293	10.311321363402264	11.247154570998378	40.233656583044194	0.002555966292237059
70.0	38.18006723522041	10.370798377653717	11.240064233439039	40.203889688758835	0.005180464927991601
71.0	38.20987398622245	10.225350657366107	11.232063935651246	40.309935079020775	0.022776341739419042
72.0	38.12997638537921	10.276522327089861	11.294123978141078	40.27779596432472	0.021581345065130812
73.0	38.117352325506324	10.290872674190792	11.280928319588284	40.29003635553294	0.020810325181659286
74.0	38.127996992071964	10.161692547301747	11.297503927736104	40.40994411232624	0.002862420563956315
75.0	38.04704099193118	10.181645916959859	11.363577013281644	40.394139946108474	0.013596131718844934
76.0	38.02231737834261	10.198631058632841	11.358009359775403	40.41851306450004	0.002529138749102757
77.0	37.97620945677876	10.076937230941677	11.351203141562598	40.58688605877479	0.008764111942173013
78.0	37.890894292624324	10.156315800250074	11.418087557634486	40.52538468705894	0.009317662432174214
79.0	37.90234415686923	10.14308641271347	11.405623605891074	40.50678444325302	0.04216138127320058
80.0	37.92169701886847	10.028393811974825	11.422801573409718	40.620018014354045	0.007089581392940431
81.0	37.8034984740248	10.11032855585728	11.463892922850665	40.61943592970043	0.002844117566820915
82.0	37.768580999265126	10.145918952342745	11.464948659563603	40.61304724631585	0.0075041425126781535
83.0	37.76865129156467	10.004111742866698	11.46243774878364	40.75982543344005	0.004973783344933886
84.0	37.72973972586347	10.031723111178952	11.541293763174929	40.69408713696285	0.0031562628198033016
85.0	37.76319574304701	9.999769000302267	11.527007001880524	40.708085252828354	0.0019430019418476832
86.0	37.71379781170205	9.936444330622136	11.532127473966453	40.81512253320151	0.0025078505078547
87.0	37.65136465935587	9.96438348480828	11.588064190968387	40.79398239936008	0.0022052655073762912
88.0	37.69081220372734	9.950546292523917	11.607274285830355	40.74942111212094	0.0019461057974422696
89.0	37.68434787769534	9.836885532789937	11.658227748358927	40.81772701130163	0.0028118298541726194
90.0	37.55554413293666	9.889067495920498	11.703620467708136	40.84290956553575	0.008858337898952707
91.0	37.56248242286312	9.845549029512778	11.699987122836674	40.88987901452891	0.002102410258526567
92.0	37.537220620701575	9.78524492591061	11.735015351684403	40.94028254671663	0.0022365549867847338
93.0	37.44492348401637	9.824768459564044	11.77797222251395	40.95050570068125	0.0018301332243888207
94.0	37.41381632123475	9.825751031741884	11.775372613034236	40.98320506465868	0.00185496933045668
95.0	37.43765172218434	9.674698447901116	11.803610967236937	41.08180117189267	0.0022376907849378275
96.0	37.3757067205573	9.709938816338251	11.861320907882735	41.050765775445925	0.002267779775795515
97.0	37.31179678674496	9.706985699379006	11.865555862585579	41.11369711464774	0.0019645366427166024
98.0	37.31040239970777	9.610517239133221	11.904777122418981	41.16954460253129	0.004758636208740572
99.0	37.281813564649255	9.611178057229976	11.977547682165463	41.12677972280845	0.0026809731468576616
100.0	37.30127094384374	9.605915870279427	11.988221880421891	41.102439103665866	0.0021522017890749767
101.0	37.253957755720855	9.508347707698805	12.04532516639647	41.189724831771294	0.002644538412576113
102.0	37.14641979763444	9.536440377720208	12.077216281563512	41.23805312161382	0.0018704214680270294
103.0	37.13210201525254	9.52077110790002	12.08125325694553	41.26390686167651	0.001966758225399394
104.0	37.09822477264338	9.429565244836343	12.140791841694403	41.329137515974594	0.00228062485128168
105.0	37.04598011333509	9.47197176934288	12.17706541324652	41.30292926304605	0.0020534410294512345
106.0	37.00471644627583	9.491037837912646	12.172956010453682	41.32897395557654	0.0023157497812981826
107.0	36.96263471537012	9.390743677271706	12.255864022381472	41.38847175432039	0.002285830656307082
108.0	36.910195237678785	9.407992535826242	12.306743837791762	41.372351848290634	0.0027165404125771464
109.0	36.88221367086642	9.380620648364356	12.321087735952318	41.41393937788238	0.002138566934524308
110.0	36.83572138818707	9.310166106924434	12.382260192058842	41.46914761302498	0.0027046998046722347
111.0	36.80498304089934	9.329906784955504	12.446448042544022	41.411857928837414	0.0068042027637223385
112.0	36.772816342151884	9.340076718318878	12.487770908910512	41.39568075598883	0.0036552746298943325
113.0	36.63970417755165	9.283451498221385	12.532916241849653	41.495259207620244	0.0486688747570639
114.0	36.61351830946468	9.264716825660319	12.552047981543172	41.54021649783955	0.029500385492273087
115.0	36.62945575324933	9.209714270571046	12.595032386477643	41.56284083871207	0.002956750989902145
116.0	36.612830571969035	9.115125923347533	12.664673272637527	41.57636458568123	0.031005646364671277
117.0	36.478675397376406	9.14107359475729	12.71706295413233	41.66104882562638	0.002139228107597539
118.0	36.401483647989586	9.193964804245708	12.736575340805137	41.6655623096118	0.002413897347772406
119.0	36.33641468850066	9.04671622088542	12.795634222724846	41.819133726232856	0.0021011416562168295
120.0	36.33766973350061	9.043072366491726	12.90551628553315	41.71124466569239	0.0024969487821290505
121.0	36.33762616089346	9.022746255635951	12.884011502770665	41.75179166932131	0.0038244113786232445
122.0	36.27769153903366	8.931299021042722	12.974239326999815	41.814461583556586	0.002308529367209468
123.0	36.196923258947294	8.894964969797018	13.01977693136516	41.86621838601069	0.022116453879843664
124.0	36.21458922886843	8.848784665018544	13.053065612399342	41.88056734590371	0.00299314780998276
125.0	36.14141842095796	8.751247227828236	13.149379558756982	41.95491627095618	0.0030385215006389354
126.0	36.132871646908015	8.744188816287553	13.174799008052581	41.92634086040469	0.021799668347155788
127.0	36.11811126469815	8.68307268314947	13.187761586260848	42.00785091887177	0.003203547019763998
128.0	36.02612079413114	8.56334783837937	13.337941525988112	42.0707107537466	0.0018790877547751256
129.0	36.00955279647131	8.52695922558642	13.35660463467178	42.104886857255664	0.001996486014820633
130.0	36.11803450103847	8.490106971707014	13.393725125229622	41.99616974406468	0.0019636579602094082
131.0	36.03489368507476	8.386676445795814	13.578723442215178	41.99778901762743	0.0019174092868026976
132.0	35.970521168266735	8.326783612890827	13.539598990034227	42.1610692744587	0.002026954349515399
133.0	35.96426740855717	8.17683688685186	13.539103820432958	42.3169889853661	0.002802898791905119
134.0	35.8038697863562	8.106415080686459	13.738939052991906	42.3393738533716	0.011402226593838952
135.0	35.83150255361289	8.061511810599066	13.82313654568339	42.28115001297851	0.0026990771261445902
136.0	35.805401162739095	7.928063284658384	13.86169006806966	42.40250743653587	0.0023380479969909223
137.0	35.66627890264366	7.799188554451193	14.004558544563569	42.527938904731506	0.002035093610073069
138.0	35.56819830112745	7.702044753047412	13.963706159257919	42.761563869213205	0.0044869173540156085
139.0	35.449770782801494	7.559688582424393	14.048375491327981	42.91063010073325	0.03153504271288719
140.0	35.19911024148919	7.487634490426346	14.165111053460164	43.127365470391176	0.020778744233129434
141.0	35.010032126952645	7.381521254338697	14.138947451671779	43.461875555432684	0.007623611604197203
142.0	34.46453081646169	7.298049753212063	13.978534658409666	44.219844278400565	0.03904049351601802
143.0	34.131724969318014	6.994966712165468	13.98774933676934	44.88322614403604	0.0023328377111379124
144.0	33.892362532380616	7.0767656169881095	14.094090051672808	44.91599678622203	0.020785012736432754
145.0	33.31190870797289	6.84701689583465	13.899253005901487	45.939738806739506	0.0020825835514726625
146.0	33.57295344422488	6.986824709936035	14.500344854961247	44.93487132608263	0.005005664795215199
147.0	32.86776728487417	7.597943013227233	21.989918170682476	37.54163879459066	0.0027327366254593084
148.0	31.517563609095223	7.206237722863516	20.525651952065846	40.74519143853894	0.005355277436472487
149.0	33.00361459258392	7.2015920082095	20.813078712353576	38.92594491985582	0.05576976699716678
150.0	32.05136252743838	8.590978101046161	20.175555126263045	39.18210424525241	0.0
