# Position (bp)	A	C	G	T	N
0.0	35.7383390705097	23.397115472593875	10.205535323318509	30.656033689845696	0.0029764437322215365
1.0	35.17286709852398	24.97445947744879	7.931202895807599	31.8592361314901	0.0622343967295324
2.0	37.59269307077249	23.76339107207267	8.025358019878013	30.615626341908786	0.0029314953680402846
3.0	32.7139403595549	25.87726153384261	8.916894045868759	32.48700776769306	0.0048962930406755605
4.0	47.2969420704251	12.497280008236018	7.733470115926141	32.46677607796337	0.005531727449374904
5.0	48.21475072314529	12.253290435763924	7.190138599820281	32.33816464622743	0.003655595043069769
6.0	46.46446942643055	12.26604591949514	7.773416897062951	33.488988081787305	0.007079675224055281
7.0	46.275984310681125	12.386465665791794	7.6156727680274034	33.718236438001	0.0036408174986814123
8.0	44.78458958264397	12.355275195436104	8.354726086515871	34.48797532741189	0.01743380799216396
9.0	43.56085066441687	12.79932377956879	8.48314048432663	35.15341246133671	0.0032726103510048545
10.0	42.699854896828725	12.980093785685462	8.737790207881874	35.57470609003539	0.007555019568547425
11.0	42.41726206829713	12.586999406065862	8.88786540711088	36.06793495762354	0.039938160902582856
12.0	42.19883210603775	12.453305730522365	9.173625555989714	36.17155817752978	0.0026784299203896737
13.0	41.76960293600252	12.576694531779047	9.377950967861427	36.2731297816901	0.002621782666900973
14.0	41.626028009111344	12.357707948681036	9.524305920290663	36.489381903345254	0.0025762185717035395
15.0	41.30670374680944	12.468584479957894	9.809671385588125	36.41211381812464	0.0029265695199108327
16.0	41.53583080401294	12.266458459275983	9.975445262805696	36.217721379005965	0.004544094899419723
17.0	41.397261770283315	11.95365786709052	9.945139597920258	36.701391638298915	0.0025491264069915517
18.0	41.0451744606104	12.071903467169037	10.394751311784143	36.48562902280163	0.0025417376347973736
19.0	40.68399526675253	12.177530891532948	10.44590870753257	36.690035095436464	0.002530038745489924
20.0	40.79512891490727	11.825932858115141	10.50783618901077	36.868490058088476	0.0026119798783463904
21.0	40.766778886920804	11.889778238177827	10.61571753049793	36.72520628301815	0.002519061385289552
22.0	40.7575425083801	11.954125942286865	10.648900175190597	36.6369442480986	0.0024871260438347623
23.0	40.6970977859761	11.613638460882626	10.718025714481277	36.968058621723685	0.00317941693631618
24.0	40.51583902685965	11.656409697408629	10.88230135474518	36.93895763819349	0.006492282793048787
25.0	40.459065761763824	11.780993496432979	10.90466894190494	36.85291474102954	0.0023570588687185402
26.0	40.51667304020102	11.523380490096006	10.90590056562048	37.05130981366522	0.0027360904172800287
27.0	40.44448681069063	11.49318495849264	11.052968202165058	37.003067310474265	0.0062927181774100035
28.0	40.30888476392032	11.556813963828457	11.06049966545711	37.07145545065365	0.002346156140461756
29.0	40.210665120859446	11.345575725584627	11.023875856907171	37.416943313287916	0.002939983360840346
30.0	40.02423139657946	11.490159700224899	11.09394593652932	37.38919691612645	0.002466050539872148
31.0	40.0897231654198	11.42066680663042	11.075290123152753	37.411876611895906	0.002443292901120676
32.0	39.96582371023166	11.270636110305354	11.049560930201647	37.71176334160503	0.0022159076563131046
33.0	39.772054127459796	11.348396689067794	11.067239758629418	37.80971813947389	0.0025912853691018242
34.0	39.66996190704859	11.39262687086566	11.042580147003983	37.88658508862078	0.008245986460990198
35.0	39.687558409999944	11.215464203585162	11.007719149378953	38.08610351031408	0.0031547267218594794
36.0	39.60696727719489	11.2481325400607	11.11403633999482	38.02245092568044	0.00841291706914314
37.0	39.49005845525618	11.28047028020937	11.08548604218827	38.11699504529866	0.02699017704752128
38.0	39.45133528320222	11.156376123574109	11.078860493872899	38.31118722650479	0.0022408728459725837
39.0	39.37623739504396	11.120057208092502	11.094297108555855	38.397341839296885	0.012066449010803998
40.0	39.39211816273059	11.157366575131372	11.064633348563367	38.383980485704704	0.0019014278699696298
41.0	39.3660312448009	10.987922350324949	10.993464536972015	38.65053693644707	0.0020449314550716603
42.0	39.18780344175121	11.091572884433198	11.040044853549576	38.678321187290734	0.0022576329752821162
43.0	39.180150080188895	11.136325632081181	11.016976096305092	38.66437149239408	0.0021766990307476404
44.0	39.188961379063045	10.93026267626979	10.976170791324229	38.90259039083402	0.002014762508917135
45.0	39.009160679003315	11.032875659234936	11.045612597458803	38.91019633322706	0.002154731075891324
46.0	38.99488347705834	11.109472239706259	11.018472966054956	38.87508748880985	0.0020838283706027367
47.0	39.038186669045935	10.903448385816372	10.992642007179246	39.06370926970898	0.002013668249469845
48.0	38.87260943064552	10.987209254465128	11.076866036705542	39.06127461522896	0.0020406629548455377
49.0	38.75419455536143	11.06591198577725	11.046466590603702	39.13100765445948	0.0024192137981332257
50.0	38.81417315337053	10.903116209272486	11.020283670761197	39.26031260071666	0.0021143658791208846
51.0	38.745469616470764	10.916054642219937	11.058381240562928	39.27717636495897	0.002918135787402349
52.0	38.796751848287464	10.921997225599165	11.041641967647735	39.23346841548138	0.006140542984254562
53.0	38.744092309883754	10.79781660351774	11.029021519476508	39.42683449452967	0.002235072592322259
54.0	38.62958160099258	10.846960049805471	11.098501902736114	39.42216943259754	0.0027870138682931076
55.0	38.55699646145879	10.873053874496751	11.094765255563619	39.47286157297036	0.0023228355104841043
56.0	38.61035677054491	10.711936752937142	11.093571332475866	39.58200435362889	0.0021307904131914815
57.0	38.37173111437049	10.857126525363572	11.160195458181501	39.6087296323241	0.0022172697603362206
58.0	38.3395871907072	10.896473279974868	11.168464657236909	39.593034137097874	0.0024407349831544575
59.0	38.35520031018445	10.715596556481163	11.154496522068621	39.772058424217995	0.0026481870477740284
60.0	38.27656140016358	10.776850106315004	11.226361907257555	39.70027386838885	0.019952717875017845
61.0	38.19187814086572	10.79371385275944	11.221393549940222	39.79018780079057	0.002826655644049302
62.0	38.24321016475378	10.63287897754926	11.204163492816969	39.917464452405675	0.00228291247431597
63.0	38.20963008336918	10.674061197458476	11.261524609198148	39.852387819366854	0.0023962906073450164
64.0	38.17444558509182	10.6881303313942	11.270149710435488	39.86442712636607	0.0028472467124290813
65.0	38.15889669135907	10.56224739828339	11.255901494865036	40.02051117991294	0.0024432355795674424
66.0	38.07741784993088	10.633316877726456	11.332098651860276	39.95412937886004	0.003037241622345289
67.0	38.048710964817715	10.62844208962151	11.34578592027368	39.972922969627724	0.004138055659365241
68.0	37.99007785637992	10.534219463590807	11.368750188225803	40.094165688446395	0.012786803357073644
69.0	37.87783674570809	10.567633145373813	11.423079856883227	40.12872972365332	0.0027205283815502457
70.0	37.86824464730533	10.608691293283226	11.426940029631972	40.09159457244397	0.00452945733550441
71.0	37.901156761023174	10.469819950304442	11.417091213222037	40.191236683068055	0.02069539238229063
72.0	37.812830130990115	10.521378709689214	11.491886187037121	40.150890537992645	0.023014434290903288
73.0	37.795398209006784	10.528655466147338	11.48434621631235	40.169897559440734	0.021702549092795224
74.0	37.801697244359936	10.412003978200621	11.495647563907298	40.287743277438445	0.002907936093707926
75.0	37.70646450411321	10.421291900782956	11.57937259767469	40.27913638077628	0.0137346166528696
76.0	37.69549345309882	10.445783017846264	11.586181101291091	40.26991767377028	0.0026247539935513125
77.0	37.63766120629992	10.326232499330349	11.579321081008203	40.44912617170496	0.007659041656573973
78.0	37.54965374849125	10.404140807036379	11.65827546248588	40.37979434149794	0.008135640488543563
79.0	37.54625238903257	10.382266192381328	11.659508920252328	40.368248139843175	0.043724358490593626
80.0	37.58366803282217	10.255792111985196	11.676159011791281	40.47774744254799	0.006633400853372053
81.0	37.45548264750101	10.33774266450784	11.73777837511864	40.46594124738283	0.0030550654896762705
82.0	37.40168546814922	10.375945072743505	11.741152911693963	40.47447863023715	0.006737917176165077
83.0	37.410331215658715	10.224545707991082	11.75305398710285	40.606821490404386	0.0052475988429655125
84.0	37.377950690382974	10.240846921170977	11.83186332459378	40.54591836548707	0.003420698365200353
85.0	37.379556995374536	10.225648144353181	11.839145823929332	40.553494475838356	0.002154560504592398
86.0	37.33206530913197	10.154176180036451	11.848216969732475	40.662900864983534	0.002640676115575195
87.0	37.271822908733405	10.181392609162613	11.912495578738588	40.631861353485476	0.0024275498799176116
88.0	37.28820193926515	10.17837666558473	11.948949656350278	40.58241048090618	0.00206125789366245
89.0	37.304309614296606	10.04952511103494	11.985903173604061	40.6572422161556	0.003019884908790235
90.0	37.16571628157552	10.111012599027227	12.046753482581666	40.66867760213644	0.007840034679145264
91.0	37.15913923634338	10.073094418069564	12.040553614824999	40.72487060456527	0.0023421261967997435
92.0	37.133460493169174	10.010238541562257	12.086687455657389	40.767123648458245	0.0024898611529356857
93.0	37.0410930507226	10.04119137658923	12.141638023773956	40.77381973152393	0.0022578173902843978
94.0	37.017903043837194	10.035139985158306	12.147002929993715	40.79772806224183	0.00222597876896059
95.0	37.03978225771948	9.879894511673855	12.18279498102133	40.89502830838691	0.0024999411984254487
96.0	36.95541732892718	9.925830207398707	12.25554483066333	40.860675918436584	0.0025317145741942464
97.0	36.896180318527264	9.914384707055294	12.268442100953195	40.9187338865862	0.0022589868780428634
98.0	36.89944898508602	9.827203197756853	12.30070762229109	40.968288706837704	0.0043514880283373105
99.0	36.84228623147936	9.835485464438955	12.381740995508085	40.937514482383335	0.002972826190257032
100.0	36.848118792491455	9.822315779301437	12.411286777946637	40.915804081882015	0.0024745683784618347
101.0	36.80311094117432	9.727751200746567	12.45282766539544	41.01340672716493	0.002903465518749651
102.0	36.70746106560714	9.746971319587942	12.50672085396412	41.03653224988729	0.0023145109535074354
103.0	36.70299277068557	9.737607718984911	12.52521530118908	41.031866376453415	0.0023178326870242887
104.0	36.66923175982311	9.64303370754706	12.56710126061072	41.1180980439119	0.0025352281072072
105.0	36.60010135537012	9.67994426759241	12.611752123143571	41.105682008615325	0.002520245278572495
106.0	36.560000085009456	9.70500317843596	12.6279676088854	41.10440639273045	0.0026227349387272607
107.0	36.53386237139899	9.59635945074486	12.703979714058738	41.16323689640839	0.0025615673890212916
108.0	36.46459400904071	9.610468277531254	12.773007828612004	41.14893752404129	0.0029923607747471305
109.0	36.434396975338494	9.583126512873058	12.790422500704999	41.189660210465604	0.002393800617845554
110.0	36.3819493012317	9.52057257187761	12.854770988786365	41.23968456737919	0.0030225707251323973
111.0	36.32890813853278	9.526412992969115	12.918250831187923	41.21986634117757	0.006561696132608102
112.0	36.29630183715166	9.539001168996961	12.95928707050258	41.2019047822479	0.0035051411008997398
113.0	36.19224616421671	9.474080298181404	13.004232350674593	41.28188516942223	0.047556017505051826
114.0	36.14754960807808	9.471375902420267	13.051669016136097	41.29925703971959	0.030148433645966245
115.0	36.166632497128845	9.416307757766889	13.070531319360605	41.34336683149731	0.0031615942463448145
116.0	36.13899800542338	9.328398502110725	13.156689142552022	41.3433611160702	0.0325532338436763
117.0	36.01958808820173	9.346980183370219	13.209828165440305	41.42109429098973	0.002509271998019356
118.0	35.94440371961581	9.396300786631773	13.234021719880513	41.42266013737898	0.0026136364929184937
119.0	35.8846082987302	9.254218071045981	13.308721581020698	41.54997930976279	0.002472739440327149
120.0	35.891053406089604	9.265205731229964	13.394377416909833	41.44644581871836	0.0029176270522380285
121.0	35.8565925298338	9.230028603819287	13.41264848271653	41.49679316188999	0.003937221740397642
122.0	35.79069011697897	9.15967116583767	13.471807734612536	41.575223463254545	0.0026075193162762114
123.0	35.71759406075823	9.127199857445312	13.52628553422269	41.60599702876833	0.02292351880544003
124.0	35.70899236734311	9.091389436775552	13.57990003076082	41.61637660834899	0.003341556771525209
125.0	35.642413368447436	8.996862985242133	13.667837371869615	41.689481512870394	0.0034047615704229286
126.0	35.64100483363995	8.994046635131975	13.682800968128092	41.65922981212766	0.022917750972321255
127.0	35.580903087048945	8.950837812448674	13.736082398638422	41.72867299237309	0.003503709490866872
128.0	35.502496211380524	8.851283346409188	13.868484155760848	41.77550439909097	0.0022318873584707692
129.0	35.49676110530313	8.812913915886575	13.901027087946115	41.78701035172361	0.0022875391405654546
130.0	35.56927190176653	8.772484128450179	13.935316021272252	41.72053433407547	0.002393614435575605
131.0	35.473563133060956	8.678918098656009	14.096581745080726	41.74859824063144	0.0023387825708756434
132.0	35.370405043181904	8.640209317804194	14.109335041180437	41.87752667585526	0.0025239219782009084
133.0	35.403724478307694	8.492084952889087	14.078061603396874	42.02284823083224	0.003280734574109501
134.0	35.24945896357921	8.431287605703197	14.275123608276798	42.0316266237323	0.012503198708490627
135.0	35.26474584119122	8.37685551131247	14.374013685566048	41.981265007058816	0.003119954871446368
136.0	35.242140979283235	8.280220512052217	14.393828918231359	42.080921403797014	0.002888186636172026
137.0	35.084895146696574	8.16763618685928	14.495120713666951	42.250054276494836	0.0022936762823605257
138.0	34.96327533659668	8.132878955732858	14.48140048825296	42.41766824225018	0.004776977167323928
139.0	34.849683593066594	7.97684708207236	14.59403807503588	42.54828127526194	0.031149974563224728
140.0	34.62427344093741	7.855997724526316	14.761274706584773	42.736242556183335	0.022211571768170842
141.0	34.46575582181323	7.760095485913697	14.672291454348507	43.0943898057622	0.007467432162371686
142.0	34.049946874901565	7.683443397080578	14.49374776405142	43.73229089413951	0.040571069826927375
143.0	33.65253886055527	7.398741423988385	14.572313901222444	44.37406581711454	0.0023399971193649653
144.0	33.43308169128808	7.4604555738303375	14.62932092108516	44.455554825932644	0.021586987863775782
145.0	32.869035534098344	7.2211881870371295	14.425130478635415	45.482322617528595	0.002323182700521915
146.0	32.99310338374008	7.446547547750947	14.938867002295753	44.61624343179404	0.005238634419181657
147.0	32.54712825403227	7.959226235235693	22.347902537310336	37.14304142500427	0.002701548417426054
148.0	31.137208131467798	7.5998501554537246	20.8503752571445	40.40704228801252	0.005524167921461127
149.0	32.96216909118609	7.553914390711363	20.92064589359457	38.50873622275688	0.05453440175109112
150.0	31.976640872540795	8.930292242757549	20.498153082249512	38.59491380245214	0.0
