# Position (bp)	A	C	G	T	N
0.0	32.317725353580705	22.412422123326213	13.674873095997334	31.592025311882104	0.0029541152136408908
1.0	31.955375745422288	23.463294511909673	11.600775197865064	32.91899107883435	0.061563465968625525
2.0	34.11708725813715	22.195826625371566	11.6813109032163	32.00270798266193	0.0030672306130533336
3.0	29.256208707551316	24.055052805875025	11.777018826271336	34.90662782797515	0.005091832327174588
4.0	43.65351051510917	11.947559143452164	12.596043170869237	31.79728140088406	0.005605769685374599
5.0	44.49421940964516	12.312283355321437	10.78610333711412	32.40363486008084	0.0037590378384453733
6.0	42.85916909821059	11.98812740767767	10.420255348341987	34.72496531619557	0.007482829574175275
7.0	42.72230192395196	13.231141056345699	9.910183585965376	34.13253324789459	0.003840185842371691
8.0	41.411416576606044	12.049300707486003	10.950957556282452	35.569408658265786	0.018916501359712675
9.0	40.419858460831875	13.24112144115183	10.631435241630559	35.704261066931984	0.0033237894537496704
10.0	39.64788274529828	14.347803164516415	10.806231320795076	35.1902819052148	0.0078008641754218535
11.0	39.49112365427921	13.353432737616275	11.369786994850397	35.743943260528766	0.041713352725356534
12.0	39.6321974099131	12.342777791584778	11.750210476610588	36.27205528975805	0.0027590321334947944
13.0	40.22187044608058	12.537886281711902	11.100361687309299	36.137174192403585	0.0027073924946325926
14.0	39.061520383755635	12.656793517444983	11.041499876097653	37.2375124369562	0.002673785745531794
15.0	39.022540653182745	13.503674578340217	11.31196043544642	36.15891038198054	0.0029139510500814005
16.0	39.895752192160046	12.3875485388015	11.320588353520442	36.39148629897102	0.00462461654699276
17.0	40.02993738390507	12.219377907270685	11.214376272179388	36.533640388636975	0.002668048007880438
18.0	39.672072227559596	12.353959002913657	11.57280782519874	36.39858142141532	0.002579522912688092
19.0	39.3443383906518	12.667179642270746	11.518003414183411	36.46783099680634	0.0026475560876970247
20.0	39.29204495807682	12.258954195550729	11.564908785760482	36.88128688615864	0.0028051744533237988
21.0	39.53384735469253	12.143140156259236	11.612302112994573	36.70800661135235	0.0027037647013106536
22.0	39.55575856538952	12.186975500706005	11.55682018547441	36.6977933380388	0.002652410391266609
23.0	39.58286947813321	11.85868424184226	11.52618206486621	37.02886115255285	0.0034030626054621406
24.0	39.49153704707308	11.934840395541132	11.674584543360144	36.89228439508233	0.006753618943318036
25.0	39.53001528878024	12.008669670736717	11.648697345874016	36.81013161405593	0.0024860805530946056
26.0	39.54527839872029	11.779677201041816	11.547481798978692	37.124729189311125	0.0028334119480732554
27.0	39.45303802133464	11.798847412300306	11.63724004571323	37.1042624114209	0.006612109230928665
28.0	39.346928958791864	11.84383154014394	11.640787703568423	37.16599647907996	0.002455318415818711
29.0	39.280744759034455	11.664193731973443	11.54148478766559	37.510654591210205	0.0029221301162979055
30.0	39.07545716349668	11.819893913534981	11.579822420696665	37.52221629769371	0.0026102045779654724
31.0	39.16290048423871	11.771827909543282	11.587345068500959	37.47528332408181	0.002643213635236847
32.0	39.11891113840758	11.646743150935897	11.547777890318503	37.684271080159284	0.0022967401787322385
33.0	38.96121977849636	11.744340937724557	11.569927183700552	37.72174148761796	0.002770612460573856
34.0	38.889151665348145	11.803625336786649	11.547436660517644	37.75092195052178	0.008864386825783836
35.0	38.930559502179406	11.60424709434715	11.504763774940972	37.95718480199969	0.0032448265327835765
36.0	38.867022298523885	11.69214904372334	11.607151543259757	37.8248416052089	0.00883550928411773
37.0	38.77711525618919	11.724437776798217	11.613313698417413	37.85690829680614	0.028224971789043415
38.0	38.77171856178736	11.61547516648162	11.559016634942129	38.05146834927361	0.002321287515282291
39.0	38.70942843012109	11.598195609770668	11.603218029588398	38.07706116805096	0.012096762468884126
40.0	38.78086048238149	11.636098979151075	11.614379299556667	37.966759950277044	0.0019012886337260487
41.0	38.75004983804447	11.483349538891995	11.507248614937089	38.25726781526367	0.002084192862778009
42.0	38.57628282596535	11.619380140326465	11.55585892703323	38.24620685615983	0.0022712505151256702
43.0	38.57242166898528	11.659575174934075	11.540919831398849	38.22480181059363	0.002281514088162621
44.0	38.63248722702692	11.468357277945756	11.512875409626592	38.38424583134127	0.0020342540594621363
45.0	38.487835360256476	11.586256605541656	11.581090907417686	38.34265648622628	0.0021606405579040664
46.0	38.44886435803472	11.666122419918338	11.571159200134193	38.311732386765534	0.002121635147215001
47.0	38.4799847181336	11.481050473942627	11.530869070426295	38.505983581034954	0.002112156462523187
48.0	38.350330816019564	11.608708180938148	11.628337976850284	38.41056874522445	0.002054280967549217
49.0	38.30564831152308	11.682993806317462	11.605435107765263	38.403448347087185	0.0024744273070090783
50.0	38.358290866829655	11.520322529241476	11.54658214564268	38.57268421615741	0.0021202421287824947
51.0	38.26886755710461	11.566183283528817	11.593755411790704	38.568238774986156	0.0029549725897097985
52.0	38.342984250081784	11.595002185565695	11.592597312044088	38.463189726618005	0.006226525690428535
53.0	38.31816317487116	11.47579541253645	11.542075177106884	38.6617424024204	0.0022238330651049402
54.0	38.199136816632254	11.561630410366815	11.607456363032762	38.62911133516658	0.0026650748015895403
55.0	38.15932786499736	11.601789556415667	11.613101851939641	38.62349921922938	0.0022815074179494124
56.0	38.24286885573223	11.453365332155641	11.601963334608582	38.69960722882982	0.002195248673729055
57.0	38.022315611208676	11.613260359227318	11.665076051844455	38.69705144212052	0.002296535599036168
58.0	37.986430147593744	11.669626584561447	11.667593235675037	38.6738342084514	0.002515823718370591
59.0	38.044075242788686	11.490887017879778	11.626277613896542	38.836119401699534	0.002640723735458254
60.0	37.956841748600276	11.56832072767879	11.713807667456216	38.74007667438655	0.02095318187816687
61.0	37.94352194138474	11.609530447514855	11.690159365077022	38.753952904626296	0.0028353413970842838
62.0	37.937861306799526	11.4897699391429	11.652742207323904	38.91731674689922	0.0023097998344507337
63.0	37.902427006721	11.547476989160625	11.691526249532417	38.85611247203669	0.0024572825492677787
64.0	37.948361320920405	11.564951787961524	11.704577458598079	38.779183382710684	0.002926049809309505
65.0	37.93544112767736	11.449528518877234	11.672608117318042	38.93998375812714	0.0024384780002223655
66.0	37.820744133862924	11.550541839810226	11.73458138528105	38.89103538638479	0.003097254661001928
67.0	37.814921987107184	11.56336299254814	11.761981554722992	38.85560037106941	0.004133094552272543
68.0	37.79690720367703	11.475785163227965	11.770771415961981	38.943781721304774	0.01275449582824699
69.0	37.70677903494317	11.537642778098176	11.81529882394838	38.937543533125854	0.0027358298844239273
70.0	37.727647590944116	11.584356184511604	11.815680259102606	38.86759064777348	0.004725317668196122
71.0	37.758432083222296	11.445339687581177	11.784830843226368	38.98919062458198	0.022206761388178817
72.0	37.66631153994785	11.52903203800688	11.859835339599215	38.92162033822342	0.02320074422263263
73.0	37.67849915311994	11.536991923621084	11.840749682267408	38.92148754190888	0.022271699082685475
74.0	37.68005278132384	11.438633307943674	11.825133944983559	39.05330749427903	0.0028724714698947582
75.0	37.576191538560664	11.463874501658825	11.910040617804366	39.03608798260742	0.01380535936872403
76.0	37.60179984046524	11.493979151405318	11.934770603174824	38.96684108997084	0.0026093149837793676
77.0	37.566323863365916	11.39189418905591	11.901642124280318	39.13229826875136	0.007841554546486934
78.0	37.46559859963273	11.498422891900063	11.970686702708115	39.05694721715679	0.008344588602309726
79.0	37.47036638029777	11.470934871747735	11.967630807911508	39.046225779195545	0.044842160847445266
80.0	37.53257429503354	11.384602160525088	11.975808355128414	39.100434170280636	0.0065810190323152724
81.0	37.443907231636445	11.469846986645829	12.018161793563968	39.06511435570875	0.0029696324450037594
82.0	37.4011573661713	11.505853048365873	12.032696863162002	39.05372723495084	0.006565487349984319
83.0	37.42920569155031	11.366090656455405	12.008696849460474	39.19088179816724	0.005125004366571799
84.0	37.40595996130261	11.39135839628515	12.106785815571513	39.092595246520794	0.003300580319934172
85.0	37.3965636004083	11.408756431878738	12.090288185040912	39.10227041525648	0.0021213674155765192
86.0	37.34581728123402	11.354475813479922	12.083451412378235	39.21368152773112	0.0025739651767093786
87.0	37.26824501481494	11.39219140599681	12.161418165553156	39.175721063164296	0.00242435047080116
88.0	37.30974357257141	11.39460967475948	12.205209999648071	39.08823338654612	0.002203366474911982
89.0	37.318962934672086	11.291448238904854	12.198755142314345	39.1879940329984	0.0028396511103156116
90.0	37.19195402595068	11.369486798745267	12.260362510699292	39.17031331212548	0.00788335247928127
91.0	37.21530432501146	11.344250772192142	12.260715399718245	39.17751838992459	0.002211113153556772
92.0	37.191769345993464	11.286419309222035	12.281249834467719	39.238136089559376	0.002425420757411778
93.0	37.103231119732875	11.340850229157187	12.337245793187392	39.21652782121084	0.0021450367117044527
94.0	37.11381316336491	11.33821561874976	12.328641174921565	39.21714438827575	0.002185654688010863
95.0	37.12783044183779	11.204610473430368	12.35131258428021	39.31385434932736	0.0023921511242780288
96.0	37.052475620502754	11.252974423719051	12.427069975906853	39.26506102225022	0.002418957621113663
97.0	37.02455182556946	11.268394296630483	12.434234222606097	39.2705243234407	0.0022953317532538125
98.0	37.009455444897014	11.180741926434791	12.442213121182728	39.36331498122831	0.00427452625716019
99.0	36.97777951873732	11.20881408409214	12.519000536888985	39.291649291993366	0.00275656828818962
100.0	36.973809157575296	11.218167470958463	12.554553527471102	39.25103235847402	0.002437485521127615
101.0	36.948777463168035	11.133197307671203	12.572550997053966	39.3424753537283	0.002998878378499493
102.0	36.87184249961739	11.191611418987133	12.610843768275862	39.32333345450707	0.0023688586125492355
103.0	36.877586983243326	11.178038849582316	12.626617482756691	39.315540497782905	0.0022161866347599783
104.0	36.8668864928015	11.084663759714736	12.654791860274312	39.3909809200132	0.0026769671962573786
105.0	36.806010935661334	11.13204837911538	12.696950436195758	39.36262723495301	0.002363014074514664
106.0	36.77199370686867	11.16229873109738	12.713333449527497	39.34985772697671	0.0025163855297410196
107.0	36.74937228992469	11.061157777418504	12.760046272777275	39.426774166802026	0.002649493077504485
108.0	36.719552804466424	11.097470860105076	12.83509426418495	39.34477058541499	0.003111485828565617
109.0	36.69998096392935	11.076285977332445	12.849976750643672	39.371362129047974	0.0023941790465674866
110.0	36.63613085786493	11.020954189882042	12.895276910993925	39.44470491862202	0.0029331226370916982
111.0	36.599262293475334	11.03792300390161	12.95491859085086	39.40156963999698	0.006326471775206358
112.0	36.605856350045116	11.049130488223286	12.996408075252047	39.344855545505006	0.0037495409745508124
113.0	36.53243033944578	10.98741199094997	13.01477948833171	39.416970078711735	0.0484081025607994
114.0	36.478904995787765	11.008048570494738	13.057673774706407	39.42518762516528	0.03018503384581396
115.0	36.515341018379964	10.971999518673666	13.085330824805535	39.42421546918794	0.003113168952885186
116.0	36.492365297627906	10.875896817838756	13.150382728804075	39.44801613969684	0.03333901603242691
117.0	36.40257401083867	10.927202199819398	13.190596949977637	39.4770770695001	0.002549769864200964
118.0	36.345607056820896	10.973731311415545	13.202870436522335	39.47518427267314	0.002606922568086087
119.0	36.320724897509834	10.846818112709688	13.2469693659035	39.583031062342585	0.0024565615343928814
120.0	36.29917924821167	10.876554218614572	13.363822167903189	39.45761082568534	0.002833539585222199
121.0	36.2853280034363	10.860101463062867	13.348829148624095	39.501612652291726	0.004128732585016765
122.0	36.19778105298372	10.810301070108476	13.402425862072043	39.58686727834456	0.002624736491194109
123.0	36.111624445984575	10.811929247191378	13.442872390357213	39.610976723212985	0.02259719325384461
124.0	36.12799355965207	10.787292428183708	13.480058462784703	39.60143871757867	0.0032168318008471966
125.0	36.039877122725265	10.727161513924022	13.538621900791941	39.691065573314205	0.0032738892445614673
126.0	36.001642176508575	10.769710773971301	13.582702587506201	39.6225050236003	0.023439438413621595
127.0	35.998489752655836	10.714728782893712	13.61094622291322	39.6723466324688	0.0034886090684256845
128.0	35.931917428565754	10.65784525978715	13.721618709023566	39.686279665547	0.0023389370765236795
129.0	35.890377792509156	10.67480246946757	13.759388592603186	39.67292498902018	0.0025061563999070283
130.0	35.95571973657738	10.666515892052592	13.88433384347943	39.49103788288136	0.0023926450092415915
131.0	35.8371128357972	10.600383134948226	14.019794488787712	39.54029047125239	0.0024190692144714495
132.0	35.74595903420499	10.601882507682816	13.964305540006027	39.68533302671348	0.0025198913926809756
133.0	35.77818456215181	10.506298631249836	13.904126961893533	39.80819742893129	0.003192415773536161
134.0	35.89808890968492	10.477171483021976	13.993164104740233	39.61903495452158	0.012540548031284363
135.0	35.65453464917405	10.50434474917245	14.49079253227544	39.34719014708315	0.00313792229491138
136.0	36.03682153921846	10.389140545597728	14.188334197117877	39.382691147341085	0.003012570724847314
137.0	35.5163004511947	10.39978770053152	14.079746085124354	40.001748976046194	0.0024167871032239776
138.0	35.325810604790334	10.889813329462612	14.044677708991077	39.73460495323396	0.005093403522007485
139.0	35.192907844371604	10.450354153551755	14.73212387891169	39.59333633435496	0.03127778880999399
140.0	35.0154816478367	10.190074193165245	15.043903957095054	39.72843442523982	0.022105776663188328
141.0	35.50447288481527	10.145869543709562	14.331552892290441	40.01052263863561	0.007582040549107072
142.0	35.35348555037777	10.158656829569718	13.919099699029255	40.52608725775457	0.04267066326868786
143.0	34.540892456309386	9.8081301321156	14.54823582293015	41.1002504666291	0.002491122015764704
144.0	34.74662816171202	10.019761556202619	14.062194521915385	41.148453076614096	0.022962683555880638
145.0	33.54299584298415	10.165914703246488	14.145154714458503	42.14354677085115	0.0023879684597125843
146.0	33.34889334521431	11.18136493487405	14.200627431043303	41.26405035244238	0.005063936425954445
147.0	34.31298113774031	10.94423477836545	20.608731208039277	34.131415663680784	0.002637212174182846
148.0	32.696175567509336	10.693924787515986	19.429961490103658	37.17470602331359	0.005232131557427331
149.0	34.29426052378317	10.576662072077472	19.572151164059687	35.50505616077107	0.05187007930860496
150.0	33.09108363722687	12.127409389364677	19.4147565309683	35.36675044244015	0.0
