# Position (bp)	A	C	G	T	N
0.0	31.977909214629065	23.092562230886386	12.975404406473922	31.95083273848135	0.0032914095292814827
1.0	31.693942544242553	24.000564584557445	10.965120805940696	33.27865434463882	0.061717720620490114
2.0	33.82041072491188	22.92307079711766	10.736579862923048	32.51666237330398	0.00327624174343226
3.0	28.709666829559893	24.807488153860334	11.342168221270192	35.135260576823505	0.0054162184860726955
4.0	44.34866104919584	11.65802285326337	12.002530751663633	31.985136334851745	0.005649011025410776
5.0	45.33963712668271	11.668677893087976	10.60685572577519	32.38107489772197	0.003754356732157781
6.0	43.56934087173169	11.607930251292887	10.565204985833223	34.25203249319583	0.005491397946368846
7.0	43.51044963503076	12.293489111857687	10.13049558392553	34.06177965794427	0.00378601124175616
8.0	42.03361310600102	11.781350801065507	11.012684344488061	35.15759283334516	0.014758915100244359
9.0	41.05004616216703	12.603228488277827	10.961721243503622	35.38167180944735	0.00333229660417939
10.0	40.202957636466444	13.262543781978723	11.106830791254191	35.42216056509947	0.0055072252011680355
11.0	39.96347412516201	12.59496798021055	11.370282042076203	36.02825341719334	0.04302243535789729
12.0	39.866677932154914	12.10689171299579	11.672039206325953	36.35151124761884	0.0028799009045025518
13.0	39.912644236905464	12.27175235579785	11.522584417664056	36.29011996412858	0.0028990255040515726
14.0	39.420153484539625	12.241333031542755	11.538567966604386	36.797104525076776	0.002840992236454544
15.0	39.35956675316833	12.671812599605367	11.785651198088235	36.180003157801124	0.002966291336948129
16.0	39.989236939161394	12.109534864547253	11.832166181005155	36.065338653594694	0.0037233616915093677
17.0	39.986461893819936	11.9045356441055	11.631549131735925	36.47457870518574	0.002874625152902822
18.0	39.625509477683316	12.05470529710916	12.027509457081504	36.28944400845487	0.0028317596711550166
19.0	39.274457009423585	12.24809522615571	11.924079006437749	36.55069065457714	0.002678103405812884
20.0	39.28623035880237	11.915672536225857	11.879115435558102	36.91609100060207	0.002890668811596126
21.0	39.39459447565648	11.922984513543815	11.902181396754107	36.77741793574418	0.0028216783014066503
22.0	39.38354144492652	12.00868580724823	11.846940768848462	36.75809172281218	0.002740256164608309
23.0	39.41361858856068	11.67508879719472	11.811173261746905	37.09698804671191	0.003131305785786144
24.0	39.289920978987794	11.768193275778174	11.97132198690784	36.965988650618144	0.004575107708052775
25.0	39.36063892477527	11.851400355843863	11.936853100341503	36.848526122664126	0.0025814963752318976
26.0	39.38618800367541	11.624389430736795	11.79512183179547	37.19150657193208	0.0027941618602504966
27.0	39.30269394683438	11.65129776740085	11.865736926143091	37.1757919609258	0.004479398695875446
28.0	39.1929300067702	11.71143992089457	11.842979002955497	37.25011167424568	0.002539395134052409
29.0	39.11361988135679	11.53326524254021	11.71313529527493	37.63727085579599	0.0027087250320856977
30.0	38.91484866385035	11.701178955066595	11.732996184936164	37.648380005462585	0.002596190684304126
31.0	38.9853483057619	11.660138858916383	11.726205142525036	37.625804680408024	0.0025030123886531958
32.0	38.92552134434587	11.530261888718801	11.643619035068502	37.898186413581556	0.0024113182852711357
33.0	38.756752684302285	11.635171381378784	11.656178309577571	37.9492122043604	0.002685420380961817
34.0	38.698627140331304	11.705619320300935	11.635583574903203	37.9549497232033	0.005220241261253342
35.0	38.71874114914576	11.523653608011172	11.575913426456227	38.17853183373115	0.0031599826556942714
36.0	38.65327760328924	11.606541639049722	11.660032600993375	38.07453945384845	0.005608702819211973
37.0	38.556805367130835	11.65147257177205	11.658434757700237	38.108671909412145	0.024615393984732795
38.0	38.546785571618756	11.544433041922563	11.58948723530996	38.31685017999058	0.0024439711581422533
39.0	38.45413662980439	11.552617048223315	11.625948253490678	38.35436492263597	0.012933145845650177
40.0	38.51844311981923	11.582785874022003	11.635132768653623	38.26143486571004	0.0022033717951071116
41.0	38.490554229546134	11.421560537653914	11.514278142913598	38.5712934330554	0.0023136568309449807
42.0	38.32544897653049	11.55043231784458	11.560809632470434	38.560795103553254	0.0025139696012419915
43.0	38.31250587286383	11.609518658925449	11.541111595292712	38.53434290494345	0.0025209679745519147
44.0	38.353533529737796	11.4207490221522	11.493537326042558	38.72988371155821	0.0022964105092335985
45.0	38.20449261221311	11.54046111420785	11.569612898621756	38.682974501987154	0.0024588729701305206
46.0	38.16911199995801	11.611099358553888	11.57735916661664	38.64005213581592	0.002377339055538912
47.0	38.213825994458624	11.422727134997643	11.52811113475192	38.8328919226001	0.0024438131917119046
48.0	38.05481599403377	11.55128985665609	11.627895791852815	38.76362001637983	0.0023783410774908145
49.0	38.007645638326835	11.618123837179908	11.613629289314613	38.757989784039495	0.0026114511391515448
50.0	38.06125351242448	11.463563400825679	11.543934595907514	38.928813724677006	0.0024347661653247297
51.0	37.96362057816887	11.513004660686303	11.601643805616895	38.918511832065946	0.003219123461984668
52.0	38.04057106939036	11.531590117389495	11.604550909640306	38.817102007423074	0.006185896156762582
53.0	37.993031441318095	11.406979258029864	11.557324979544298	39.040047983840815	0.002616337266933608
54.0	37.888712806796356	11.492919821055645	11.641390910123661	38.97404237655456	0.0029340854697867884
55.0	37.84771411190268	11.513725824606734	11.659395689517613	38.976460168038145	0.0027042059348257644
56.0	37.8988271071869	11.382084285328386	11.64399096839323	39.072495773402295	0.002601865689192744
57.0	37.68283795059219	11.524335704200595	11.718478416824132	39.071771213353806	0.002576715029277442
58.0	37.65854976440053	11.574229550166898	11.748115377710326	39.016174180468774	0.0029311272534735975
59.0	37.69913784705693	11.386946310738196	11.703362337751107	39.207450666849745	0.0031028376040184683
60.0	37.6017044989268	11.47209372902593	11.782666353386592	39.12188015275188	0.021655265908800934
61.0	37.568435190720365	11.510577705130776	11.798865683626286	39.11896953669101	0.00315188383156574
62.0	37.580746501076504	11.377104721216778	11.74848723617631	39.29091943878047	0.0027421027499443663
63.0	37.5387041754678	11.430058760517557	11.803562859556957	39.22485635639794	0.002817848059749834
64.0	37.54717466573861	11.454896363535628	11.84923536601128	39.14551458803111	0.0031790166833754554
65.0	37.558934699047896	11.312598904308846	11.804101846944663	39.32147366597109	0.0028908837275049915
66.0	37.44134757803467	11.417711730750568	11.890301011103654	39.24738478929055	0.0032548908205531288
67.0	37.44510171621761	11.427548836147933	11.920998209972018	39.20241047676554	0.003940760896901194
68.0	37.41932516561806	11.334950572744807	11.925899369783838	39.30628861351296	0.013536278340326991
69.0	37.306653461511026	11.39542194060129	11.989714741065605	39.305074117589534	0.0031357392325419516
70.0	37.31842686350217	11.438370740282071	12.008883693884503	39.22998554074558	0.004333161585672597
71.0	37.34141267541208	11.291116691978587	11.985608107170233	39.3634463157649	0.018416209674203484
72.0	37.2594072974669	11.368637532502381	12.057840200040724	39.28938552754359	0.024729442446406732
73.0	37.248054861452495	11.390974943415975	12.069801967750294	39.26741405076765	0.023754176613587676
74.0	37.27902756733725	11.274547711533318	12.04927474550535	39.39391887392845	0.003231101695628071
75.0	37.16725747996546	11.299687466895923	12.138955511484887	39.38048738566206	0.013612155991670722
76.0	37.1747893424348	11.33210228789242	12.17362543022935	39.31632549509116	0.0031574443522719067
77.0	37.15165898716645	11.201395651340624	12.146031006745332	39.49491930561429	0.005995049133305649
78.0	37.02215290342218	11.313555025838214	12.220661232494008	39.43715624784911	0.006474590396481844
79.0	37.04252655637612	11.291522350789196	12.241605341535635	39.378674356448734	0.04567139485031499
80.0	37.094762447610606	11.179704688746035	12.237073631275134	39.48136430486716	0.007094927501067873
81.0	36.97898764243846	11.274012267029761	12.298651255141934	39.444767497000186	0.003581338389661912
82.0	36.94868500988358	11.318223078727142	12.319127982498252	39.407863959585846	0.0060999693051772864
83.0	36.966398647489214	11.171046353788178	12.295005357225458	39.56144873486178	0.006100906635376872
84.0	36.94754815452083	11.210218360554256	12.38585698300203	39.45226671554703	0.004109786375846319
85.0	36.9384095771789	11.220220391498387	12.408946691669485	39.42958976588717	0.002833573766050318
86.0	36.889410672197556	11.153107765809457	12.384356265296114	39.56990568872428	0.003219607972585904
87.0	36.83235646439488	11.194310211132423	12.4641013837397	39.506062286704	0.0031696540289993325
88.0	36.86483910527	11.188478952775629	12.529819541870618	39.41394275212976	0.002919647953990616
89.0	36.8986332697411	11.080046123932997	12.52166691757014	39.496217967883155	0.003435720872616583
90.0	36.767332099493686	11.162088133153306	12.587103228786436	39.477203851556546	0.006272687010025528
91.0	36.77100358525924	11.141691035975805	12.59780367053189	39.4864288547654	0.0030728534676710737
92.0	36.748291968365436	11.073820725998578	12.613657238208148	39.56104076786456	0.0031892995632727475
93.0	36.65911120790874	11.128016340838073	12.66864914961083	39.54138491911627	0.002838382526087217
94.0	36.663194040699594	11.126387143176718	12.683646291130263	39.5238038003617	0.002968724631734498
95.0	36.684348947166676	10.995741488038545	12.6930983116938	39.62374179924706	0.0030694538539231277
96.0	36.61899264746888	11.047409988745283	12.780094552667759	39.55034917333651	0.0031536377815760495
97.0	36.59216039686052	11.046891204865446	12.799655968018289	39.55821219661003	0.0030802336457111685
98.0	36.584542904094526	10.969719980664731	12.812319219772034	39.62860867449941	0.004809220969297264
99.0	36.532202251667265	11.000628370002763	12.885874629793314	39.57777570111695	0.003519047419704288
100.0	36.542048405427224	11.010045545735188	12.915616333653816	39.52894847328125	0.0033412419025259385
101.0	36.528363273099444	10.900350725264069	12.927394752616806	39.64031147886398	0.0035797701557032063
102.0	36.44786403650968	10.976929710568937	12.971963464716376	39.60017584910092	0.0030669391040832493
103.0	36.43437463249518	10.96268122643508	13.007917210178208	39.59191537567733	0.0031115552142007776
104.0	36.45468165895239	10.868117140521827	13.01866482934898	39.65505033605397	0.0034860351228438065
105.0	36.3858684281578	10.92715083206218	13.051277835379368	39.632594716818026	0.0031081875826227943
106.0	36.35955911320675	10.955735804540591	13.088991659903911	39.59250077503244	0.0032126473163077633
107.0	36.35908648835827	10.848142012924448	13.119516608220854	39.66990050211253	0.003354388383889509
108.0	36.27920279644954	10.887349862756707	13.202176450065128	39.62742304022597	0.003847850502656813
109.0	36.26116915732278	10.886849794443275	13.240708069661727	39.608014020132494	0.0032589584397218325
110.0	36.218671064747646	10.820699404140845	13.261706855781815	39.69521172157979	0.00371095374991043
111.0	36.17956265720024	10.83758189306746	13.320999623675592	39.65578041294093	0.006075413115778293
112.0	36.17810950556202	10.87321937773439	13.359995784509179	39.58428199485337	0.0043933373410430685
113.0	36.11661715956269	10.809790370281245	13.378861599933433	39.646934133032204	0.04779673719042578
114.0	36.05153804374937	10.834164401470868	13.421748094592493	39.66123782806252	0.03131163212475738
115.0	36.09005371479121	10.784153465555328	13.461287961236682	39.6608590093965	0.003645849020272571
116.0	36.06332109474025	10.712018721265784	13.509459110315703	39.68087114224684	0.0343299314314179
117.0	35.97396665090555	10.764506347895825	13.538765369459362	39.71959304284173	0.0031685888975327703
118.0	35.91831329203782	10.809365928727638	13.578746685329858	39.690056912473395	0.003517181431291861
119.0	35.89269846495317	10.687944646411129	13.60743130953713	39.8087535519203	0.0031720271782717854
120.0	35.88295504284658	10.727450919780253	13.70548837611006	39.6802919776062	0.003813683656898517
121.0	35.88145035401241	10.714183523264808	13.733252594857111	39.666177133828	0.00493639403767624
122.0	35.82411078111313	10.671012468311863	13.746152337475992	39.75518767648973	0.0035367366092867686
123.0	35.725516913774555	10.654007067379425	13.826791902344294	39.76994480972319	0.02373930677853514
124.0	35.724300364797394	10.650987799973304	13.862564523395946	39.758024361613856	0.004122950219499049
125.0	35.66619472273677	10.59148730178259	13.914996561350604	39.823389612710855	0.003931801419179091
126.0	35.60604626695055	10.65367557859364	13.940367183421559	39.77452820260604	0.025382768428207532
127.0	35.61115671809406	10.60941281081076	13.980562015853678	39.794630828399384	0.004237626842112334
128.0	35.55036020491521	10.540738278422946	14.094286065645672	39.81147809439547	0.0031373566207038676
129.0	35.50212152340849	10.55544497532971	14.115880198421198	39.82343365414261	0.003119648697983059
130.0	35.562165449881846	10.564673233308884	14.175751190392816	39.69402178277236	0.003388343644101476
131.0	35.46430155639344	10.511936526040904	14.280267439439648	39.740367980691985	0.0031264974340279314
132.0	35.34594281752534	10.529712370385374	14.295717583914245	39.82532331915211	0.0033039090229280603
133.0	35.37735358113061	10.455010549429506	14.249784809433748	39.913810305857744	0.004040754148395349
134.0	35.371521242229086	10.426315099960496	14.344391234313472	39.84375786292437	0.014014560572568913
135.0	35.249705889638754	10.457078140136037	14.621867730085134	39.66717180782153	0.0041764323185457496
136.0	35.43504733355828	10.348943294920227	14.52687211294991	39.68529286767248	0.0038443908991020992
137.0	35.15330555181152	10.340904932818091	14.46805889237972	40.034706059178625	0.003024563812043507
138.0	34.997018399246336	10.57380961515298	14.45931423278337	39.96440926371348	0.0054484891038349996
139.0	34.89444005425302	10.280282207390886	14.870283349850908	39.92477750689923	0.03021688160595882
140.0	34.70915612038804	10.117418020630604	15.078732194140903	40.07080633990739	0.02388732493306801
141.0	34.89852578454676	10.101215052022248	14.65486681240633	40.33675005471961	0.008642296305057137
142.0	34.71367353128145	10.04867332951289	14.400121376994997	40.79246739422794	0.04506436798272229
143.0	34.1341877090131	9.787248597119087	14.746323138726893	41.3291352619042	0.0031052932367219605
144.0	34.18163139776153	9.909349222182389	14.56440173329305	41.320492782043935	0.024124864719094433
145.0	33.23004030808526	9.939106248823256	14.449136861615319	42.378801020218006	0.0029155612581662767
146.0	33.110059027654366	10.712087257871117	14.669978411864964	41.50247219969719	0.005403102912365841
147.0	33.989362077462765	10.526102839811179	21.143264318187597	34.338377034164594	0.0028937303738563696
148.0	32.51616217888609	10.14650820557085	20.011876488599366	37.31994404678937	0.005509080154327699
149.0	34.406891897457996	10.14441554162165	19.840985035384797	35.555477187471716	0.0522303380638421
150.0	33.17106125157448	11.605533566638844	19.8984430012459	35.32496218054077	0.0
