# Position (bp)	A	C	G	T	N
0.0	31.72296755832556	22.50088701475089	13.851462369159501	31.921482111742748	0.0032009460212959672
1.0	31.296533669599924	23.573703039892518	11.500187172157577	33.56797421163494	0.0616019067150364
2.0	33.59785347887198	22.294199068603234	11.57618002642158	32.52856581460456	0.0032016114986392723
3.0	28.681177098454363	24.31805142697109	11.615312756117275	35.38025069276857	0.005208025688703168
4.0	44.01730278359324	11.456103291027695	12.374067396723706	32.147103553784774	0.0054229748705906106
5.0	44.872698709471734	11.440515149738125	11.086984969448867	32.59616433766011	0.0036368336811605944
6.0	43.22113434126887	11.400686330741335	10.97644652081657	34.39624395004565	0.005488857127577783
7.0	43.23822646135431	12.106827001631403	10.450308154607637	34.201056117867644	0.003582264539009603
8.0	41.797777460064104	11.64885015231046	11.336435824199945	35.202885009321605	0.014051554103880322
9.0	40.7800642899028	12.506450804627326	11.171273664274505	35.538893171161654	0.0033180700337176075
10.0	39.92245032803907	13.111267226180495	11.293681566801988	35.66679991297686	0.005800966001587722
11.0	39.72983922413434	12.468016160664758	11.519812099011634	36.24193870692801	0.04039380926125653
12.0	39.64065128510729	12.048370140840827	11.73745979152618	36.570665215677614	0.0028535668480908745
13.0	39.7228956335343	12.239853260648657	11.626255865550577	36.40819491160584	0.0028003286606264927
14.0	39.281748706225535	12.175786425854017	11.59576302820301	36.94390483844353	0.002797001273909969
15.0	39.25131309992949	12.619840823675682	11.819901786724147	36.30611667643898	0.0028276132317019884
16.0	39.934393649919365	12.05486054137008	11.824558797172594	36.1824164169108	0.0037705946271648543
17.0	39.88477366277053	11.862266739876274	11.581181088656516	36.66906402661335	0.0027144820833401766
18.0	39.544656843812916	11.993397719419791	11.997953577312057	36.46129268335079	0.002699176104444167
19.0	39.241762834575724	12.202423487474478	11.867895347245945	36.68528104399234	0.002637286711516823
20.0	39.20894052369085	11.871613676224138	11.807858231135635	37.10882896147846	0.0027586074709213156
21.0	39.2640678770037	11.879657723684552	11.855140270767034	36.998398578227345	0.002735550317379746
22.0	39.274449012074214	11.965444398122893	11.854596855660459	36.90282177060352	0.002687963538912885
23.0	39.316474271065175	11.624696594508373	11.790322624457236	37.265464598946565	0.0030419110226445477
24.0	39.195793984524286	11.74439436078234	11.911354994453934	37.14387206144697	0.004584598792470615
25.0	39.23597687876486	11.816604261717043	11.889478432451	37.05550280743517	0.002437619631927827
26.0	39.28594597206723	11.611009494907401	11.757639405202728	37.34277106954504	0.0026340582776000843
27.0	39.24338102619272	11.612570125946474	11.835900815504868	37.30351668935769	0.004631342998242029
28.0	39.13896283415054	11.704522460803645	11.814350565210855	37.33971824143759	0.0024458983973805726
29.0	39.08659050830228	11.507774011059029	11.681504534263144	37.72136573899383	0.0027652073817164367
30.0	38.91615638029601	11.68181870297658	11.686280765322577	37.71329422157053	0.00244992983430319
31.0	38.98563896101277	11.634793133089977	11.673059138596791	37.70405703408671	0.002451733213758745
32.0	38.94408556712565	11.513423161287925	11.595300134721679	37.944845587842146	0.0023455490226062465
33.0	38.757989753128314	11.621415542691912	11.594071655837821	38.02393492730364	0.0025881210383113373
34.0	38.697842056355356	11.69298241700508	11.568784771030176	38.0350008770778	0.0053898785315912995
35.0	38.72252887572964	11.513105814390595	11.507926720401484	38.25331007058627	0.003128518892011423
36.0	38.65879986221336	11.598890384208751	11.60053562794113	38.13609067852532	0.0056834471114434295
37.0	38.58658865313142	11.632815497916017	11.589569882477731	38.16691755036769	0.024108416107143444
38.0	38.58505321422645	11.538181960007172	11.52652250106325	38.347895733000804	0.0023465917023222736
39.0	38.509394116663906	11.530113920087937	11.561096189817418	38.386856489418385	0.012539284012356794
40.0	38.57367076123207	11.565002910708575	11.578588227115464	38.28057775517638	0.002160345767506325
41.0	38.55351158369017	11.406451058796621	11.444589185682997	38.59317874066989	0.0022694311603209585
42.0	38.38392111166729	11.549353206395315	11.49522703267308	38.56910928705643	0.002389362207893316
43.0	38.384614922398654	11.599427531271298	11.484798570046348	38.52875544926777	0.002403527015934188
44.0	38.4311616513256	11.41359258123539	11.433130336042591	38.71986772509117	0.00224770630525324
45.0	38.2648757695765	11.54297468653727	11.505770431006926	38.68398194921988	0.002397163659426004
46.0	38.23053495862745	11.622901109664738	11.517878937317963	38.62633491850806	0.00235007588178486
47.0	38.27497399408897	11.434804709418401	11.462467570280737	38.825429548258484	0.0023241779534095178
48.0	38.13420604326191	11.559781639886832	11.563363480327395	38.74027607677804	0.0023727597458242764
49.0	38.08138721813875	11.637846213630308	11.55513118723267	38.72303995916649	0.002595421831782579
50.0	38.15610988193923	11.473727722358323	11.476672037858995	38.89109902843945	0.0023913294040010485
51.0	38.06137631990085	11.524475736530254	11.53039485082102	38.880693000892116	0.0030600918557584247
52.0	38.12475312893313	11.556475773491684	11.548844181314246	38.76367320079351	0.0062537154674297294
53.0	38.10194949988808	11.434277318822177	11.484363482067524	38.97688667533353	0.0025230238886884185
54.0	37.99205509059733	11.520098336133985	11.565606576998825	38.91930624902516	0.0029337472446915704
55.0	37.953240102820914	11.548809110674824	11.582889384309206	38.91250204003953	0.002559362155529867
56.0	38.02523055649304	11.40515573266738	11.576584816137917	38.990510758988854	0.002518135712803706
57.0	37.80308812514784	11.565795494902128	11.638334355621351	38.99023948479832	0.0025425395303635434
58.0	37.77830645782233	11.613875277862642	11.673273115204466	38.93177679632325	0.0027683527873113216
59.0	37.821933567770465	11.446020699822865	11.621685208371877	39.10748013335793	0.0028803906768627707
60.0	37.73512267065427	11.517605107590533	11.714847744019306	39.01172020898437	0.020704268751518467
61.0	37.7198715721628	11.55264767733003	11.709185697686044	39.01521271808338	0.003082334737742025
62.0	37.716355419142076	11.434306525588111	11.654061191159556	39.19262964955447	0.002647214555788745
63.0	37.67768097558255	11.486755775351524	11.711711520028091	39.12114010863802	0.0027116203998110515
64.0	37.700060195217596	11.512236340280603	11.743570588649678	39.04097364108733	0.0031592347647995548
65.0	37.701042632693756	11.393935906405073	11.70473004925813	39.197435162086755	0.0028562495562813894
66.0	37.58315627660376	11.494049561007404	11.780256119899482	39.13933521535613	0.0032028271332250964
67.0	37.58400406928909	11.495554901190884	11.823323390007873	39.09316131276426	0.00395632674789371
68.0	37.56555971992724	11.412646091198425	11.816975558721078	39.19109794537078	0.013720684782474653
69.0	37.46792190259579	11.465733876819954	11.875770046341636	39.187489556222296	0.0030846180203232044
70.0	37.47642070189992	11.516517718391139	11.89139615231821	39.11129848452718	0.004366942863545757
71.0	37.50104592310623	11.380608292913292	11.856641912055355	39.24455383007554	0.017150041849574346
72.0	37.421812214784964	11.45173682696706	11.936989538640974	39.16611423073398	0.023347188873012372
73.0	37.4083981115188	11.488542545447395	11.936163447618592	39.144512109178095	0.022383786237124212
74.0	37.43089423235534	11.367009292397888	11.924885979539726	39.27414707485344	0.00306342085360579
75.0	37.323911353255134	11.405253410893232	12.021289570436956	39.23561800266058	0.013927662754101365
76.0	37.35498757255446	11.428459659357026	12.03706470709035	39.176605244582845	0.002882816415323997
77.0	37.327632318149504	11.317838769378309	11.993688849302426	39.35476004144187	0.006080021727886031
78.0	37.20906615985747	11.431034611109729	12.082943624765381	39.270509018730294	0.006446585537128222
79.0	37.20547375216125	11.4134806288457	12.097951949278386	39.23894062553636	0.04415304417831386
80.0	37.26197942242001	11.300191653486188	12.092486384486811	39.33816717417008	0.00717536543691241
81.0	37.158450839345484	11.40076847662396	12.146968391313449	39.290362114441805	0.003450178275302821
82.0	37.13399175952781	11.440350703251385	12.174637727540654	39.24476038917385	0.006259420506300836
83.0	37.15616561263423	11.302794443009702	12.134987840488874	39.4000510114169	0.006001092450292185
84.0	37.11702680358614	11.343941865704465	12.236568386072584	39.2986515218897	0.0038114227471030336
85.0	37.11829030842455	11.35331131250126	12.258982544933396	39.26670062467971	0.0027152094610870415
86.0	37.09063224243242	11.282734380849774	12.228883432514454	39.39467540053776	0.0030745436655969195
87.0	37.003550709380804	11.33396400867354	12.314333634224775	39.34512807214449	0.0030235755763901077
88.0	37.06130675324089	11.336639631019342	12.363212517294793	39.236174034499356	0.0026670639456191536
89.0	37.07280831560379	11.227452756760403	12.355175683268826	39.341068956514	0.003494287852979752
90.0	36.951213680731136	11.310735357622333	12.414956462588634	39.31687227918738	0.006222219870517074
91.0	36.97184186686487	11.281885721284663	12.426642088607872	39.31683413951418	0.0027961837284126174
92.0	36.943984292221124	11.235979841786023	12.441063398634796	39.37578372587763	0.00318874148042084
93.0	36.877929896865645	11.2892918631379	12.494795959159735	39.335215236726434	0.0027670441102871962
94.0	36.85725624028886	11.290699361140963	12.515418098139056	39.33379801406514	0.002828286365983299
95.0	36.88973069257764	11.148312014850239	12.514510886495058	39.44445196618144	0.0029944398956133337
96.0	36.813315827338805	11.210455432294204	12.602807085301745	39.37038695014347	0.0030347049217790845
97.0	36.778315531310135	11.215041819122922	12.621933940093443	39.3817223535638	0.0029863559096984242
98.0	36.79095637076089	11.13644221997875	12.618558366337334	39.449386423106056	0.004656619816969117
99.0	36.72710989733765	11.156433237372354	12.71431525303091	39.39882088178878	0.0033207304703149515
100.0	36.75864369746073	11.176944118895808	12.731347700250389	39.32986028900301	0.003204194390060911
101.0	36.72135925120222	11.097199573530656	12.75025405764355	39.4277325583485	0.0034545592750655227
102.0	36.645726821229665	11.152975296665048	12.787690294957757	39.41076518331182	0.002842403835714653
103.0	36.66003046905504	11.141542939664234	12.819505373989138	39.376147349942016	0.0027738673495783127
104.0	36.6392166797681	11.05865961885704	12.834543972263226	39.46451425062622	0.0030654784854051488
105.0	36.58070873447021	11.113669367455259	12.877862780977473	39.424681250976974	0.003077866120090239
106.0	36.564194219435095	11.144037155481353	12.902097199463716	39.38647532688934	0.0031960987305049726
107.0	36.55477328845018	11.043764800519524	12.928527159033473	39.469760670430055	0.003174081566765951
108.0	36.4848294225302	11.079934002427603	13.02318611297878	39.40836373869497	0.0036867233684471966
109.0	36.46861192256766	11.077207494441367	13.059923924572397	39.3912051414806	0.003051516937976961
110.0	36.430514590845476	11.015882396635977	13.073439117748057	39.476576552806804	0.003587341963687023
111.0	36.41123318493711	11.035426145604141	13.145957639622821	39.40136974616563	0.006013283670305086
112.0	36.40111741406126	11.057089800346372	13.187862175054551	39.34954992607698	0.004380684460830284
113.0	36.33661325108199	11.009146558973256	13.196866663248313	39.411045071148074	0.04632845554836454
114.0	36.2691949770735	11.031372277187733	13.244660534375019	39.424244293208176	0.030527918155574926
115.0	36.31363250198207	10.987468679547554	13.267405885593325	39.427815263963005	0.0036776689140437953
116.0	36.29645662450473	10.912661185423007	13.334570809102983	39.423485562433314	0.032825818535972634
117.0	36.17562692808404	10.96532958879239	13.364813515372006	39.49127890775661	0.0029510599949550366
118.0	36.121703977462175	11.016001999021888	13.39629412545127	39.462653929159615	0.00334596890505502
119.0	36.09773247011708	10.899313294658405	13.434379059448892	39.565390730665186	0.003184445110439506
120.0	36.08745159303081	10.942315822458479	13.524057685077102	39.44275656866312	0.003418330770484816
121.0	36.07054738942341	10.941091205563835	13.54353540512915	39.440097743033064	0.004728256850541149
122.0	36.022247182220845	10.888004279571447	13.567958407758685	39.51829975381699	0.0034903766320263092
123.0	35.926488373970884	10.882021074547369	13.64120246466941	39.525286414815035	0.025001671997299756
124.0	35.948362992263874	10.864968464781281	13.686169286144455	39.49657849723125	0.0039207595791376695
125.0	35.878753690998174	10.818982901396115	13.728140330803793	39.570090841060725	0.0040322357411987945
126.0	35.84122512947715	10.8544920397167	13.7840812377772	39.49621127644852	0.02399031658043594
127.0	35.8163563550878	10.825364368288692	13.786969377337192	39.567038527117894	0.004271372168423123
128.0	35.75265551186682	10.771178054390129	13.898750932752998	39.57435790377728	0.0030575972127641947
129.0	35.718240051674	10.783728934402454	13.94268592092808	39.552282259057094	0.0030628339383706542
130.0	35.78032607030184	10.767922131384221	14.012757572918494	39.43583922849078	0.003154996904673689
131.0	35.66232005644224	10.712634152077463	14.116509920356743	39.5055361051689	0.0029997659546562587
132.0	35.560516323222885	10.753255763178938	14.097649067227502	39.585593502552086	0.0029853438185889567
133.0	35.575556768179716	10.654683495715846	14.10332208083805	39.66265247721334	0.0037851780530499643
134.0	35.554500123879166	10.656902969801441	14.169580156935782	39.60557507678787	0.013441672595735856
135.0	35.47218170897398	10.674251001855822	14.422733648499564	39.427030790015515	0.003802850655118757
136.0	35.66627034654951	10.589322506337957	14.339184090242279	39.401626499076116	0.0035965577941353337
137.0	35.37132575530024	10.566158969284848	14.302214383498137	39.75740108028158	0.002899811635188943
138.0	35.25453520598437	10.786207345409428	14.275551726697447	39.67864943639693	0.005056285511821845
139.0	35.13994086055082	10.540044576603492	14.627009385707112	39.66239215497987	0.030613022158701805
140.0	34.95328386759513	10.38810773176732	14.849696883611923	39.785542390305864	0.02336912671976491
141.0	35.095566952072886	10.352566361714773	14.473690722210202	40.06993103423755	0.008244929764585634
142.0	34.914899129602816	10.344450699360717	14.198200061236166	40.49951936500764	0.042930744792658286
143.0	34.4001989998956	10.04622614529417	14.492782238389742	41.058040664337604	0.0027519520828875694
144.0	34.41324566286665	10.208167192771844	14.35162962702454	41.003860216869604	0.023097300467363895
145.0	33.54086596053969	10.240203110060062	14.214049340444355	42.00216498862955	0.0027166003263411607
146.0	33.42295899301639	10.921063611743312	14.456490639155234	41.19348337534666	0.006003380738412446
147.0	34.292873982923815	10.743243302645828	20.892849659545973	34.06817286009222	0.002860194792159667
148.0	32.72588591642872	10.553301740974891	19.667596280609327	37.04761279149769	0.005603270489364181
149.0	34.655096148933964	10.431321389010376	19.65581883903573	35.20474558193374	0.05301804108617831
150.0	33.32353374838847	12.022347498560446	19.531274253712297	35.12284449933879	0.0
